3.35012
2.78742
5.67793
3.41639
4.58525
1.57895
3.29926
4.83937
2.27718
3.40721
2.85939
2.69835
3.20981
6.49032
1.34595
6.00308
0.835652
1.75935
3.5958
5.19655
5.14383
3.85376
3.01697
3.711
3.17127
4.77083
3.9129
3.72477
3.2747
3.6942
3.72342
3.79365
2.86142
3.96691
4.08775
4.68358
2.99762
1.92845
3.79142
4.37746
2.63243
3.86251
3.85615
2.7279
3.39654
4.30793
3.76686
5.1083
3.52181
5.54283
3.4235
2.06224
5.39287
0.367835
5.47472
7.18773
3.79457
3.34867
3.46298
4.60823
4.75368
2.30831
1.27013
0.389676
6.07957
3.37094
3.32211
2.61734
1.19509
4.01631
3.87141
2.9165
2.87616
4.738
1.76174
3.3016
4.23774
4.85967
4.13295
2.02505
4.62423
2.3297
3.0671
1.50197
3.16194
1.03453
2.5223
3.31923
3.75758
3.36181
4.42744
4.68814
5.21911
4.95215
4.51711
1.88376
1.35396
3.55145
3.01323
3.76294
2.22915
2.87628
4.06332
4.38898
3.08192
2.86865
6.25198
3.98364
-0.278299
1.68926
1.79156
3.98189
4.84552
2.61896
4.04264
1.93069
5.17865
4.95779
2.9713
3.79958
1.13134
3.66589
3.31846
5.00659
3.11838
3.62471
3.47315
4.57363
0.591769
4.18507
5.29396
4.96774
5.09965
1.96127
5.01665
3.59093
2.48261
4.22744
4.36745
2.28851
1.56768
3.80757
6.39578
2.86637
2.92006
4.49822
2.42647
3.36098
2.91206
3.0626
3.24929
2.65629
2.15316
3.20933
2.16933
3.14845
3.64317
6.52478
3.65623
3.39245
4.65534
4.4195
4.37596
3.12939
2.68017
5.32769
2.91328
5.15727
5.88962
4.4714
3.09703
4.42961
3.35883
5.01907
1.69224
2.5773
2.78207
0.608888
1.86109
2.6221
4.2611
5.6576
3.40609
2.93936
5.71812
3.84685
1.93285
6.57957
0.707554
1.78942
4.97383
5.3713
-0.328511
3.39525
2.63066
0.590055
2.94606
4.85295
4.72281
1.40683
5.48671
4.70403
3.23385
4.21877
3.15087
3.6024
7.38154
5.77695
4.50366
3.04372
2.16859
3.18617
3.36291
1.57986
4.26096
4.51026
4.06997
4.32843
3.5826
4.25442
5.75228
5.04834
5.16395
2.8009
5.18495
2.58278
5.12975
3.40508
3.46234
1.58629
4.32889
2.80015
3.84272
0.699366
5.1293
2.46564
2.09069
0.895611
1.21991
2.4828
5.33462
4.18147
3.90081
1.99415
1.38184
2.80807
4.54623
4.1874
4.16011
3.83388
4.14358
4.50204
4.005
3.76794
2.40295
4.02344
2.04091
4.44337
4.00701
1.152
2.2364
2.50227
5.18812
3.05589
1.47807
3.08744
3.91775
3.39681
3.90279
3.75026
5.68267
4.72439
2.75645
2.75797
3.0566
5.38524
3.74158
0.883856
2.85719
3.97212
3.09834
3.22074
0.505868
0.227372
4.74487
4.17947
2.60117
3.67763
4.98127
4.69151
4.49226
5.82364
3.78634
2.01252
1.39988
4.67915
5.57635
5.27758
2.72082
3.20271
4.30043
3.64483
4.46055
1.52372
2.0486
2.9128
1.97624
4.25146
4.00559
5.52415
1.2414
3.97897
5.51785
3.39328
3.69828
0.765804
2.84964
4.44169
3.12016
4.91582
3.19745
4.3952
4.07546
2.56058
3.22269
5.25072
4.58156
-0.890429
2.68105
4.97105
3.69686
1.75945
3.36613
3.73448
1.97344
2.14652
6.25166
3.51529
6.05163
3.20811
0.414495
3.43965
3.83716
3.57134
4.776
4.73501
3.81997
3.56383
4.14866
1.0068
3.16712
5.3294
1.01199
4.76174
3.02784
3.48188
2.56795
4.65447
3.25124
1.84079
6.1876
4.38889
3.17738
3.50791
6.09788
5.15634
1.38984
4.53877
5.20272
4.27288
2.49808
6.66959
4.43
2.43364
2.24222
4.37078
3.2386
3.21497
6.75657
3.59866
3.96801
3.93055
4.76702
2.57016
3.24997
2.52895
2.13511
4.01204
3.36675
2.29499
4.06027
2.78088
5.53594
6.43385
1.50902
1.96876
4.1844
5.30335
2.23204
2.47943
4.9723
2.50039
4.50707
4.83426
3.58688
2.54524
1.06923
3.76228
5.45534
2.9152
2.57718
3.84908
6.76199
4.83686
3.61783
2.16988
0.905757
2.63359
3.65486
3.65049
4.11787
4.51301
3.42173
3.73308
6.57009
3.11526
5.12957
3.00501
6.60954
4.02783
2.5511
2.49051
4.65789
3.60564
0.598527
2.37056
4.18062
4.50545
4.67887
5.0975
4.39034
3.41005
3.33461
0.840741
3.77329
5.46539
5.06566
4.35516
2.56081
4.21358
2.83474
6.22494
2.69897
2.42779
2.33355
1.33359
3.25737
3.07144
3.15345
2.67025
3.8618
3.93658
2.46291
2.08573
4.83907
1.97835
4.72265
3.25547
4.10154
5.22293
4.71299
4.32312
4.94079
3.72174
3.70748
0.209951
1.63101
5.12427
2.94699
2.89107
3.50462
3.4883
1.39586
1.42268
3.23828
5.43957
4.71756
2.90503
1.06761
1.95289
6.4077
2.22243
3.47047
4.94978
5.88928
2.93669
2.63729
5.66568
3.75558
1.64938
0.808418
3.76333
2.58286
2.56882
4.3481
4.68715
5.22582
3.25596
2.73489
3.99339
1.81108
2.22536
3.13514
1.97728
4.27225
2.3737
6.41731
3.21978
4.24713
5.22025
4.80607
2.92109
2.46187
3.23749
1.58487
5.03287
1.82782
3.24181
3.34661
4.99997
3.7702
2.42964
3.8155
3.10597
5.04206
0.843026
2.18127
3.55819
4.97195
3.07775
6.46314
1.96598
1.91314
4.62049
3.80259
4.7594
3.06282
4.05885
3.47197
1.02864
4.79561
3.48439
2.64557
2.03035
2.10242
2.05452
4.68538
4.94129
4.05616
3.85032
4.51342
3.27021
0.791753
2.76967
3.54764
2.95447
4.66949
3.01051
5.855
4.91567
3.55345
4.07994
4.39107
3.12625
2.52515
-0.0177627
4.44489
4.79373
3.20932
5.06107
2.17639
3.26009
5.5366
4.76971
3.9212
2.6853
4.74865
2.62533
1.828
7.34892
4.41688
5.01235
4.3795
3.62141
1.56757
4.52146
2.59058
5.04864
5.98805
5.15161
2.67353
3.94414
2.80255
4.35165
3.60443
4.47985
4.24313
2.46766
3.91113
2.29968
1.53755
2.95354
2.47918
5.25683
1.1984
5.02908
3.49068
4.34418
2.32332
5.2634
1.29924
5.65728
1.86278
2.8607
3.04183
2.7058
4.3358
3.34772
4.18623
4.2788
3.8633
6.42916
1.74531
5.00646
4.70324
2.76723
2.58824
3.96953
0.476197
3.48232
5.25127
4.4339
1.95652
3.25495
3.69731
4.81512
1.40353
1.7164
0.694674
5.49831
3.54534
3.87135
4.76133
1.86775
3.52709
2.19766
4.68787
1.81495
4.02014
2.9238
0.551673
1.22939
2.47013
1.46834
2.20567
3.10577
3.09802
0.679391
5.2999
5.63266
4.48854
5.13397
2.73013
2.4404
2.73868
1.6915
4.61552
2.81537
3.52617
1.87291
5.96374
4.68871
1.88216
3.29567
4.07471
1.85019
1.8444
4.50135
4.55389
4.68634
3.59426
3.16802
5.48574
2.9798
4.26597
7.53305
3.96566
3.10411
3.34125
2.44126
3.34932
1.46927
1.79684
1.45249
4.72471
3.76828
3.67072
3.04905
3.36996
4.63034
2.79984
2.2638
2.92964
0.830841
1.83989
5.01133
5.08218
3.2894
4.3254
3.78157
4.2401
2.86697
4.15998
4.18162
2.76811
4.47788
4.41725
4.75909
5.14957
4.38609
2.55889
5.07091
4.01062
3.15195
5.50819
2.5812
4.61491
3.10324
3.1943
0.821201
3.00917
2.32394
3.57816
6.82848
3.32634
4.4799
2.45317
3.617
4.09185
2.58611
3.18799
2.94218
2.46881
4.24348
3.56364
4.08475
5.56182
1.4045
4.53807
2.36909
5.78342
4.43919
1.57016
3.64197
5.93779
5.52438
2.46301
6.35665
3.41174
3.63329
3.70298
3.36632
3.02917
1.96108
4.71441
2.19772
7.02841
2.6706
3.71479
4.92974
2.99529
2.61289
4.46085
2.50369
2.74465
4.92518
2.55681
5.35534
2.04916
4.87013
5.19444
3.2906
4.9622
6.38768
2.774
5.76473
2.12105
4.99084
0.957003
1.09221
2.73023
3.97591
1.50295
3.15733
5.90877
2.29716
4.28779
3.72788
3.32006
4.08019
4.09696
4.57911
5.28832
3.5412
3.93169
4.82196
2.27003
4.73463
2.31085
4.52837
3.85011
4.73339
4.5226
4.75019
2.637
3.51892
5.20417
4.69852
2.06774
2.29649
2.48739
2.60902
2.7151
4.03355
2.77294
3.42145
3.68308
2.73681
4.50093
4.73044
3.48407
4.04047
5.42981
2.59142
4.49423
5.26807
5.37571
0.668181
3.72659
5.01479
2.80106
3.68476
2.76574
4.38115
5.19175
3.57175
4.7515
2.4582
3.5538
2.3254
5.04378
3.4547
4.19703
3.01216
6.94462
4.77301
3.25376
3.55414
4.67138
3.99229
2.20845
5.60213
3.39257
3.681
3.69756
3.54037
2.76573
5.84741
1.78919
4.02209
3.52077
2.99007
3.62565
3.82972
3.76405
1.59543
3.68374
2.82602
4.77111
4.57133
5.25788
1.2442
4.8435
0.929623
2.77849
3.11863
4.89133
5.72664
2.76716
3.23175
4.48303
3.71618
3.24579
2.61414
2.98515
3.47429
4.17298
4.67384
5.92038
3.85453
2.21583
1.97617
1.68991
3.00957
4.31548
2.70398
2.50668
3.96147
3.25251
0.784094
4.28139
5.38121
4.03276
6.59135
4.86302
2.58287
2.66758
0.879012
3.1467
3.32071
5.76943
3.99095
3.94076
4.9358
2.12974
6.86077
3.05968
3.50235
4.06673
4.96049
3.52243
2.75475
2.94261
0.938377
3.30175
3.03897
4.58157
3.43155
3.26291
3.53241
4.68192
2.95248
-0.5418
3.98888
4.86675
3.46358
3.00672
6.47821
4.17452
2.06873
1.62354
5.12822
3.64606
5.59491
5.77593
1.91342
4.42271
3.85597
2.87299
3.64211
5.22146
4.45604
4.79876
3.03312
2.26407
2.75621
1.57199
6.96203
2.79545
2.9876
6.11332
1.16599
0.468859
4.86422
4.15857
4.44901
3.70808
2.47941
4.16802
4.44534
3.55348
2.1291
1.95221
3.10535
3.07897
5.08316
4.67801
5.83676
5.18355
3.9318
3.11816
4.40345
2.90159
2.88838
4.42637
1.35041
4.73548
5.89434
5.99873
4.67681
2.66641
3.36584
3.40117
4.13636
3.45189
5.57089
1.5328
0.942844
2.07823
3.48032
4.77472
4.71988
1.15858
3.55345
5.04131
3.29082
3.22235
4.18983
4.08999
6.74943
5.85203
4.66175
3.54496
1.68304
6.02921
4.38495
1.63186
3.38889
4.96336
2.2761
3.53566
2.67977
3.67908
5.98959
1.13623
1.3512
2.09721
5.11233
6.63926
3.10346
2.67955
3.14982
3.39564
3.96976
3.80956
2.98936
1.06761
3.81491
3.37176
2.11861
2.48253
3.32885
1.15515
3.56224
2.66983
4.05605
4.24603
0.646306
1.69214
4.13044
2.99346
0.952574
4.59761
5.30916
3.35586
4.29095
4.75385
0.743659
2.92062
4.36631
2.70421
4.33566
3.10589
1.29031
1.3285
2.02611
1.9053
3.97479
3.79341
4.52709
2.71243
3.03996
4.2575
2.46282
0.552887
3.16453
2.80627
4.60215
3.28116
3.74232
3.78051
1.20932
4.7249
4.01209
2.52763
1.52092
3.84603
3.0658
4.30638
3.81427
4.07624
3.24795
3.92772
3.59416
2.87893
1.93332
3.91343
3.30138
3.23
2.23475
4.21859
4.43186
1.43618
2.72576
0.481924
3.10717
5.49118
4.30679
2.74126
2.54319
5.94409
1.21259
1.71281
1.14763
5.77396
6.34246
5.45216
4.16144
4.34065
4.56798
1.28028
4.01973
1.80697
2.90123
3.5025
4.64018
-0.131614
3.30613
4.13719
2.73386
3.67217
4.84641
7.42106
4.15673
6.52359
3.83406
5.53237
5.43097
3.85624
2.63768
4.92015
4.03021
3.76319
4.14099
3.75846
1.99087
4.7367
4.08515
5.21498
2.78678
5.0913
1.26935
5.99164
3.6867
4.39136
4.49032
1.95834
6.1087
4.30317
4.46324
3.43291
5.05406
3.43621
2.50215
5.77651
4.56012
3.14781
3.27645
-0.56053
3.54037
4.44178
1.57128
1.46013
4.08739
4.31363
3.02249
3.17893
3.52748
-0.350615
2.34355
3.38086
3.11869
4.0954
2.85484
3.07094
2.99182
3.58711
2.41054
2.14352
5.34299
3.81065
5.71443
0.927519
2.80788
2.75997
3.59663
4.19558
2.91139
1.75046
3.68499
5.61999
1.02739
2.16072
3.11789
3.1886
3.15103
2.29942
1.67461
4.87719
4.04047
2.99978
2.21417
2.16619
5.50523
3.38181
4.49954
7.02457
4.50866
3.4408
2.93795
2.52516
1.87733
3.11039
2.77684
4.38838
4.08061
4.77644
5.59793
3.93776
2.50409
4.53655
4.7803
3.17784
2.04746
4.20614
1.24217
3.65637
1.90605
0.789008
3.81694
3.55749
4.23378
4.40238
3.12799
3.19162
3.08173
4.67288
6.13158
2.19097
3.51867
3.02346
4.24665
2.59398
2.96702
2.99541
3.38114
5.39488
0.627104
3.47055
3.68926
2.41542
3.61461
4.00714
5.83367
2.57717
1.16613
2.91879
5.78467
2.26034
1.82408
3.43947
2.4863
1.71374
2.40518
5.21784
3.18843
3.55277
2.99343
1.54882
5.25098
4.733
4.21783
4.14982
3.81603
3.90282
6.79416
3.067
3.03424
3.32172
4.47881
3.40289
4.02278
2.54136
4.82174
3.22461
4.74819
3.71676
4.5839
3.05708
3.93197
3.37399
4.79599
4.82462
5.14941
3.61839
2.59881
1.28974
4.24758
5.04575
3.17758
1.47324
4.05658
3.19442
0.669803
2.62488
3.02193
4.11315
3.18434
1.48059
3.00909
2.78816
5.82949
3.22536
3.67022
0.202362
4.76173
4.75727
3.25692
4.11796
3.49448
6.44356
4.11041
2.07265
6.6723
4.7044
4.88789
4.76786
3.71728
1.79228
5.63124
2.14285
2.10642
5.49385
3.84579
2.37057
3.44832
3.18808
5.16829
3.47135
2.49171
2.73395
5.00494
4.74715
0.957952
3.59434
4.03178
3.52966
3.68148
2.10491
3.02881
3.23111
3.99934
4.65251
1.91961
5.81592
2.4329
3.4246
4.1932
2.38996
2.29508
2.54419
5.63903
2.98141
1.04562
2.8309
3.06614
2.79137
2.4911
4.09591
4.67462
4.55715
3.78778
4.88499
3.27849
6.39252
6.25442
3.33967
5.0886
2.21194
5.80987
4.0418
3.81703
6.3592
4.10701
4.10877
2.05407
4.15781
3.98994
3.28293
3.76735
2.42443
4.12305
4.22713
2.41448
3.96797
3.47551
4.64187
2.73935
4.17216
5.12678
3.02672
1.31104
0.0438635
4.33077
4.12536
5.19231
1.42373
0.577928
3.90935
5.9806
6.2464
4.74874
4.66662
2.45233
4.15862
3.25354
3.85279
1.55697
2.66936
3.58286
5.07332
1.94244
4.43182
2.07471
3.3532
4.20237
3.87831
4.33189
3.4102
-0.12386
2.9202
6.27986
3.18896
4.90973
2.40327
2.88342
3.38007
3.48845
2.95948
2.27334
3.72544
3.38603
2.40418
4.68499
6.57594
3.36151
3.771
4.17613
4.21557
1.28939
3.26944
3.34305
4.49261
2.02986
3.87282
5.10274
3.20023
1.69167
1.10082
2.11182
2.65046
4.56539
1.76909
3.67807
4.22363
1.79387
4.47946
3.65838
5.50049
4.77038
